Nodes = 16;
Dist = [|
    0, 12, 19, 31, 22, 17, 23, 12, 24, 34, 12, 21, 42, 27, 36, 19, |
    12, 0, 15, 37, 21, 28, 35, 22, 16, 28, 11, 25, 50, 38, 35, 9, |
    19, 15, 0, 50, 36, 35, 35, 21, 31, 43, 25, 38, 61, 46, 51, 23, |
    31, 37, 50, 0, 20, 21, 37, 38, 33, 31, 27, 13, 15, 18, 19, 35, |
    22, 21, 36, 20, 0, 25, 40, 33, 12, 14, 11, 9, 35, 30, 15, 16, |
    17, 28, 35, 21, 25, 0, 16, 18, 34, 40, 22, 18, 27, 10, 34, 32, |
    23, 35, 35, 37, 40, 16, 0, 14, 46, 54, 33, 34, 40, 22, 51, 41, |
    12, 22, 21, 38, 33, 18, 14, 0, 36, 46, 24, 30, 45, 28, 46, 30, |
    24, 16, 31, 33, 12, 34, 46, 36, 0, 12, 13, 21, 48, 41, 23, 8, |
    34, 28, 43, 31, 14, 40, 54, 46, 12, 0, 22, 23, 46, 44, 16, 20, |
    12, 11, 25, 27, 11, 22, 33, 24, 13, 22, 0, 14, 40, 30, 26, 10, |
    21, 25, 38, 13, 9, 18, 34, 30, 21, 23, 14, 0, 27, 21, 17, 23, |
    42, 50, 61, 15, 35, 27, 40, 45, 48, 46, 40, 27, 0, 18, 32, 50, |
    27, 38, 46, 18, 30, 10, 22, 28, 41, 44, 30, 21, 18, 0, 35, 40, |
    36, 35, 51, 19, 15, 34, 51, 46, 23, 16, 26, 17, 32, 35, 0, 30, |
    19, 9, 23, 35, 16, 32, 41, 30, 8, 20, 10, 23, 50, 40, 30, 0, |
|];
