Nodes = 13;
Dist = [|
    0, 12, 19, 31, 22, 17, 23, 12, 24, 34, 12, 21, 42, |
    12, 0, 15, 37, 21, 28, 35, 22, 16, 28, 11, 25, 50, |
    19, 15, 0, 50, 36, 35, 35, 21, 31, 43, 25, 38, 61, |
    31, 37, 50, 0, 20, 21, 37, 38, 33, 31, 27, 13, 15, |
    22, 21, 36, 20, 0, 25, 40, 33, 12, 14, 11, 9, 35, |
    17, 28, 35, 21, 25, 0, 16, 18, 34, 40, 22, 18, 27, |
    23, 35, 35, 37, 40, 16, 0, 14, 46, 54, 33, 34, 40, |
    12, 22, 21, 38, 33, 18, 14, 0, 36, 46, 24, 30, 45, |
    24, 16, 31, 33, 12, 34, 46, 36, 0, 12, 13, 21, 48, |
    34, 28, 43, 31, 14, 40, 54, 46, 12, 0, 22, 23, 46, |
    12, 11, 25, 27, 11, 22, 33, 24, 13, 22, 0, 14, 40, |
    21, 25, 38, 13, 9, 18, 34, 30, 21, 23, 14, 0, 27, |
    42, 50, 61, 15, 35, 27, 40, 45, 48, 46, 40, 27, 0, |
|];
