Nodes = 20;
Dist = [|
    0, 12, 19, 31, 22, 17, 23, 12, 24, 34, 12, 21, 42, 27, 36, 19, 31, 28, 46, 21, |
    12, 0, 15, 37, 21, 28, 35, 22, 16, 28, 11, 25, 50, 38, 35, 9, 34, 36, 51, 12, |
    19, 15, 0, 50, 36, 35, 35, 21, 31, 43, 25, 38, 61, 46, 51, 23, 48, 47, 64, 8, |
    31, 37, 50, 0, 20, 21, 37, 38, 33, 31, 27, 13, 15, 18, 19, 35, 8, 8, 15, 49, |
    22, 21, 36, 20, 0, 25, 40, 33, 12, 14, 11, 9, 35, 30, 15, 16, 15, 23, 32, 33, |
    17, 28, 35, 21, 25, 0, 16, 18, 34, 40, 22, 18, 27, 10, 34, 32, 25, 15, 35, 38, |
    23, 35, 35, 37, 40, 16, 0, 14, 46, 54, 33, 34, 40, 22, 51, 41, 41, 30, 50, 40, |
    12, 22, 21, 38, 33, 18, 14, 0, 36, 46, 24, 30, 45, 28, 46, 30, 39, 32, 52, 26, |
    24, 16, 31, 33, 12, 34, 46, 36, 0, 12, 13, 21, 48, 41, 23, 8, 27, 35, 44, 25, |
    34, 28, 43, 31, 14, 40, 54, 46, 12, 0, 22, 23, 46, 44, 16, 20, 24, 36, 39, 37, |
    12, 11, 25, 27, 11, 22, 33, 24, 13, 22, 0, 14, 40, 30, 26, 10, 23, 26, 40, 23, |
    21, 25, 38, 13, 9, 18, 34, 30, 21, 23, 14, 0, 27, 21, 17, 23, 10, 14, 26, 37, |
    42, 50, 61, 15, 35, 27, 40, 45, 48, 46, 40, 27, 0, 18, 32, 50, 22, 14, 14, 62, |
    27, 38, 46, 18, 30, 10, 22, 28, 41, 44, 30, 21, 18, 0, 35, 40, 24, 10, 29, 48, |
    36, 35, 51, 19, 15, 34, 51, 46, 23, 16, 26, 17, 32, 35, 0, 30, 11, 25, 23, 47, |
    19, 9, 23, 35, 16, 32, 41, 30, 8, 20, 10, 23, 50, 40, 30, 0, 31, 36, 48, 18, |
    31, 34, 48, 8, 15, 25, 41, 39, 27, 24, 23, 10, 22, 24, 11, 31, 0, 14, 17, 46, |
    28, 36, 47, 8, 23, 15, 30, 32, 35, 36, 26, 14, 14, 10, 25, 36, 14, 0, 20, 47, |
    46, 51, 64, 15, 32, 35, 50, 52, 44, 39, 40, 26, 14, 29, 23, 48, 17, 20, 0, 63, |
    21, 12, 8, 49, 33, 38, 40, 26, 25, 37, 23, 37, 62, 48, 47, 18, 46, 47, 63, 0, |
|];
